0.24579
0.2238
0.27724
0.25508
0.25234
0.23579
0.2415
0.2045
0.25035
0.2246
0.19473
0.24229
0.19312
0.24997
0.22491
0.23687
0.25785
0.2574
0.22681
0.23617
0.20352
0.23909
0.2356
0.26558
0.22453
0.25175
0.24216
0.24583
0.19343
0.25055
0.23836
0.21883
0.20835
0.24388
0.22422
0.2374
0.21606
0.21074
0.25202
0.22473
0.23728
0.25617
0.19716
0.20969
0.23991
0.23142
0.25209
0.18622
0.26296
0.26554
0.20041
0.18185
0.19525
0.24822
0.24892
0.22806
0.2411
0.24682
0.25124
0.25108
0.27531
0.24091
0.22005
0.2365
0.24678
0.22327
0.22999
0.25251
0.26052
0.24231
0.28115
0.31452
0.20897
0.2201
0.26099
0.23804
0.23816
0.26982
0.27647
0.22902
0.24889
0.2491
0.27272
0.25106
0.22632
0.2684
0.24516
0.22919
0.22414
0.23039
0.24543
0.20525
0.24814
0.26217
0.24433
0.24575
0.20414
0.23701
0.23646
0.2324
