-1.92537
-2.28088
-1.92488
-1.92925
-1.92738
-1.93111
-1.91179
-1.91291
-1.91309
-1.93019
-1.93187
-1.93264
-1.91384
-1.91466
-1.91569
-1.93837
-1.91551
-1.91873
-1.91743
-1.94163
-1.94593
-1.95058
-1.92001
-1.91954
-1.92053
-1.92061
-1.92199
-1.92362
-1.9067
-1.90737
-1.90834
-1.92421
-1.92541
-1.92486
-1.9097
-22.2633
-1.93124
-1.9297
-1.93243
-26.3721
-29.7218
-32.1455
-1.93198
-1.93263
-1.93334
-1.93347
-1.93872
-1.94132
-1.91694
-1.9176
-1.91824
-1.94207
-1.94551
-1.9514
-1.91969
-1.96041
-1.96891
-1.984
-1.92203
-1.92368
-1.9254
-1.99034
-2.02562
-2.29088
-1.92489
-1.92977
-1.92748
-1.93117
-1.9118
-1.93033
-1.93051
-1.91274
-1.91374
-1.91455
-1.9325
-1.93665
-1.93316
-1.91472
-1.91555
-1.91582
-1.91481
-1.91764
-1.91729
-1.90264
-1.90371
-1.90547
-1.91937
-1.91949
-1.92048
-1.90594
-1.92177
-1.92378
-1.92378
-1.90744
-1.90821
-1.90889
-1.92559
-1.92469
-1.92961
-1.90983
-1.91097
-1.91165
-1.91272
-1.89681
-1.91368
-1.93831
-1.94155
-1.94483
-1.91766
-1.91736
-1.91954
-1.94583
-1.95045
-1.95975
-1.92051
-1.92196
-1.92357
-1.92528
-1.90832
-1.92484
-1.9276
-1.92847
-1.93058
-1.91275
-1.9318
-1.91491
-1.92724
-1.91081
-1.91167
-1.91512
-1.93066
-1.92864
-1.93172
-1.91273
-1.91296
-1.91453
-1.91461
-1.91565
-1.91545
-1.89963
-1.90091
-1.90225
-1.91698
-1.91742
-1.91749
-1.90367
-1.91946
-1.92046
-1.92148
-1.90596
-1.90639
-1.90724
-1.92178
-1.92336
-1.92377
-1.90817
-1.90904
-1.90963
-1.91079
-1.89503
-1.91162
-1.9333
-1.93333
-1.93778
-1.91567
-1.91535
-1.91747
-1.93834
-1.94088
-1.94492
-1.91764
-1.91961
-1.92219
-1.92166
-1.9065
-1.92365
-1.92482
-1.92584
-1.92726
-1.91082
-1.93072
-1.91462
-1.91551
-1.91556
-1.91717
-1.90064
-1.90197
-1.90356
-1.91748
-1.9186
-1.91934
-1.90529
-1.90592
-1.90635
-1.90719
-1.88971
-1.90813
-1.90972
-1.91269
-1.91154
-1.89516
-1.913
-1.89948
-1.92044
-1.92145
-1.92327
-1.90722
-1.92374
-1.91077
-1.91552
