-48.0797
-66.3621
-73.5524
-53.4288
-79.1192
-55.3369
-57.0908
-58.4638
-39.6711
-49.7759
-10.4813
-56.8104
-17.8941
-22.6209
-25.7414
-67.7016
-45.8854
-73.4887
-48.041
-50.0042
-51.5264
-54.9867
-80.3486
-56.8522
-58.5728
-59.9211
-61.5487
-29.1842
-32.2403
-34.4829
-63.2699
-64.8683
-66.1267
-35.1807
-37.2517
-39.6972
-34.6461
-45.788
-2.01623
-53.2638
-2.21078
-11.1589
-16.8414
-64.5904
-41.5709
-70.5255
-43.9162
-46.0332
-47.6674
-51.3395
-77.5065
-53.3078
-55.1163
-56.5243
-58.2204
-21.843
-25.8111
-28.5731
-60.0089
-61.6657
-62.9663
-29.4119
-31.8598
-34.6758
-36.9085
-1.94964
-45.6974
-1.95857
-1.96654
-1.98029
-2.15198
-54.8245
-9.80851
-17.2071
-21.2106
-25.2146
-1.93013
-1.93277
-1.93321
-28.8923
-31.9768
-34.2365
-1.93265
-1.93306
-1.93784
-43.4919
-71.8199
-45.7475
-47.7958
-49.3724
-51.2574
-2.01519
-2.17586
-8.12515
-53.2283
-55.0355
-56.4484
-10.9779
-16.7287
-21.733
-59.6819
-25.3044
-28.7824
-31.2809
-61.44
-63.0696
-64.3509
-32.0472
-34.3023
-36.9374
-36.8898
-39.3575
-41.2274
-1.9412
-1.94438
-1.94972
-41.8177
-43.5896
-45.7203
-1.95869
