-1.92537
-1.90835
-1.90857
-1.90977
-1.92488
-1.92925
-1.92738
-1.90777
-1.91085
-1.91148
-1.91179
-1.91291
-1.91309
-1.89705
-1.8982
-1.9011
-1.91384
-1.91466
-1.91569
-1.89971
-1.91551
-1.91873
-1.91743
-1.90273
-1.90375
-1.90399
-1.92001
-1.91954
-1.92053
-1.90598
-1.9067
-1.90737
-1.90834
-1.89111
-1.9097
-1.93124
-1.9297
-1.93243
-1.91294
-1.91369
-1.91472
-1.93198
-1.93263
-1.93334
-1.91572
-1.91694
-1.9176
-1.91824
-1.90387
-1.91969
-1.92203
-1.92368
-1.9254
-1.90836
-1.92489
-1.9118
-1.91274
-1.91374
-1.91455
-1.89827
-1.90056
-1.89958
-1.91472
-1.91555
-1.91582
-1.90072
-1.90264
-1.90371
-1.90547
-1.88727
-1.90594
-1.90744
-1.90821
-1.90889
-1.89217
-1.90983
-1.89681
-1.91766
-1.91736
-1.91954
-1.90397
-1.92051
-1.90832
-1.91275
-1.91081
-1.91167
-1.91512
-1.8954
-1.89653
-1.89806
-1.91273
-1.91296
-1.91453
-1.9008
-1.89963
-1.90091
-1.90225
-1.8836
-1.90367
-1.90596
-1.90639
-1.90724
-1.88976
-1.90817
-1.89503
-1.91567
-1.91535
-1.91747
-1.9023
-1.91764
-1.9065
-1.91082
-1.90064
-1.90197
-1.90356
-1.8848
-1.90529
-1.88971
-1.89516
-1.90722
