-26.2861
-39.7742
-1.96014
-48.0797
-1.96896
-1.98964
-2.02409
-60.1721
-34.8896
-66.3621
-37.6293
-40.0529
-41.8938
-45.9757
-73.5524
-48.1277
-50.088
-51.6081
-53.4288
-2.27817
-11.9597
-17.3559
-55.3369
-57.0908
-58.4638
-18.743
-22.453
-26.3255
-29.2077
-1.93825
-39.6711
-1.94147
-1.94571
-1.95029
-1.9666
-49.7759
-1.98586
-2.02829
-2.18402
-10.4813
-1.93001
-1.92756
-1.93027
-17.8941
-22.6209
-25.7414
-1.92887
-1.92834
-1.93178
-37.1385
-67.7016
-39.7282
-42.038
-43.8018
-45.8854
-1.95992
-1.96827
-1.98294
-48.041
-50.0042
-51.5264
-1.98908
-2.02288
-2.25434
-54.9867
-10.7163
-17.7108
-21.6121
-56.8522
-58.5728
-59.9211
-22.7215
-25.8293
-29.243
-29.1842
-32.2403
-34.4829
-1.93263
-1.9333
-1.93828
-35.1807
-37.2517
-39.6972
-1.94151
-21.8745
-1.9333
-34.6461
-1.93321
-1.93827
-1.9408
-1.94992
-45.788
-1.95904
-1.96715
-1.98126
-2.01623
-1.92385
-1.92479
-1.92581
-2.21078
-11.1589
-16.8414
-1.92953
-1.9272
-1.93059
-31.728
-64.5904
-34.7111
-37.3181
-39.2796
-41.5709
-1.94507
-1.9507
-1.95778
-43.9162
-46.0332
-47.6674
-1.96035
-1.966
-1.98407
-51.3395
-2.01754
-2.19582
-8.69818
-53.3078
-55.1163
-56.5243
-11.378
-16.9799
-21.9222
-21.843
-25.8111
-28.5731
-1.92851
-1.93184
-1.9333
-29.4119
-31.8598
-34.6758
-1.93323
-1.93318
-36.9085
-1.93788
-1.94102
-1.94418
-1.94964
-1.92236
-1.92041
-1.92142
-1.95857
-1.96654
-1.98029
-1.92171
-1.92325
-1.92371
-2.15198
-1.92463
-1.92995
-1.92337
-9.80851
-17.2071
-21.2106
-1.92732
-1.93346
-1.93008
-1.93013
-1.93277
-1.93321
-1.91308
-1.91445
-1.91549
-1.93265
-1.93306
-1.93784
-1.9147
-43.4919
-1.9498
-1.95858
-1.96392
-45.7475
-47.7958
-49.3724
-1.96687
-1.98082
-2.01522
-2.01519
-2.17586
-8.12515
-1.92477
-1.92578
-1.92719
-10.9779
-16.7287
-21.733
-1.92526
-25.3044
-28.7824
-31.2809
-1.9317
-1.93323
-1.93319
-32.0472
-34.3023
-36.9374
-1.93791
-1.9412
-1.94438
-1.94972
-1.91942
-1.95869
