-2.28088
-1.93111
-26.2861
-1.93019
-1.93187
-1.93264
-1.93837
-39.7742
-1.94163
-1.94593
-1.95058
-1.96014
-1.92061
-1.92199
-1.92362
-1.96896
-1.98964
-2.02409
-1.92421
-1.92541
-1.92486
-22.2633
-60.1721
-26.3721
-29.7218
-32.1455
-34.8896
-1.93347
-1.93872
-1.94132
-37.6293
-40.0529
-41.8938
-1.94207
-1.94551
-1.9514
-45.9757
-1.96041
-1.96891
-1.984
-48.1277
-50.088
-51.6081
-1.99034
-2.02562
-2.29088
-2.27817
-11.9597
-17.3559
-1.92977
-1.92748
-1.93117
-18.743
-22.453
-26.3255
-1.93033
-1.93051
-29.2077
-1.9325
-1.93665
-1.93316
-1.93825
-1.91481
-1.91764
-1.91729
-1.94147
-1.94571
-1.95029
-1.91937
-1.91949
-1.92048
-1.9666
-1.92177
-1.92378
-1.92378
-1.98586
-2.02829
-2.18402
-1.92559
-1.92469
-1.92961
-1.93001
-1.92756
-1.93027
-1.91097
-1.91165
-1.91272
-1.92887
-1.92834
-1.93178
-1.91368
-37.1385
-1.93831
-1.94155
-1.94483
-39.7282
-42.038
-43.8018
-1.94583
-1.95045
-1.95975
-1.95992
-1.96827
-1.98294
-1.92196
-1.92357
-1.92528
-1.98908
-2.02288
-2.25434
-1.92484
-10.7163
-17.7108
-21.6121
-1.9276
-1.92847
-1.93058
-22.7215
-25.8293
-29.243
-1.9318
-1.93263
-1.9333
-1.93828
-1.91491
-1.94151
-1.92724
-21.8745
-1.93066
-1.92864
-1.93172
-1.9333
-1.91461
-1.91565
-1.91545
-1.93321
-1.93827
-1.9408
-1.91698
-1.91742
-1.91749
-1.94992
-1.91946
-1.92046
-1.92148
-1.95904
-1.96715
-1.98126
-1.92178
-1.92336
-1.92377
-1.92385
-1.92479
-1.92581
-1.90904
-1.90963
-1.91079
-1.92953
-1.9272
-1.93059
-1.91162
-31.728
-1.9333
-1.93333
-1.93778
-34.7111
-37.3181
-39.2796
-1.93834
-1.94088
-1.94492
-1.94507
-1.9507
-1.95778
-1.91961
-1.92219
-1.92166
-1.96035
-1.966
-1.98407
-1.92365
-2.01754
-2.19582
-8.69818
-1.92482
-1.92584
-1.92726
-11.378
-16.9799
-21.9222
-1.93072
-1.92851
-1.93184
-1.9333
-1.91462
-1.93323
-1.93318
-1.91551
-1.91556
-1.91717
-1.93788
-1.94102
-1.94418
-1.91748
-1.9186
-1.91934
-1.92236
-1.92041
-1.92142
-1.90592
-1.90635
-1.90719
-1.92171
-1.92325
-1.92371
-1.90813
-1.92463
-1.92995
-1.92337
-1.90972
-1.91269
-1.91154
-1.92732
-1.93346
-1.93008
-1.913
-1.91308
-1.91445
-1.91549
-1.89948
-1.9147
-1.9498
-1.95858
-1.96392
-1.92044
-1.92145
-1.92327
-1.96687
-1.98082
-2.01522
-1.92374
-1.92477
-1.92578
-1.92719
-1.91077
-1.92526
-1.9317
-1.93323
-1.93319
-1.91552
-1.93791
-1.91942
