 0.124579     0.00187989
 0.12238     0.00183303
 0.127724     0.00196155
 0.125508     0.00187885
 0.125234     0.00189804
 0.123579     0.00185879
 0.12415     0.00185684
 0.12045     0.00183222
 0.125035     0.00190072
 0.12246     0.00183123
 0.119473     0.00194255
 0.124229     0.0018651
 0.119312     0.00190809
 0.124997     0.00189771
 0.122491     0.00183438
 0.123687     0.00185318
 0.125785     0.00191596
 0.12574     0.00188636
 0.122681     0.00183459
 0.123617     0.00188035
 0.120352     0.00185042
 0.123909     0.00185651
 0.12356     0.0018532
 0.126558     0.00192573
 0.122453     0.00183857
 0.125175     0.00189859
 0.124216     0.00187207
 0.124583     0.00188789
 0.119343     0.00192797
 0.125055     0.00190348
 0.123836     0.00184893
 0.121883     0.00182389
 0.120835     0.00182169
 0.124388     0.00187488
 0.122422     0.00183277
 0.12374     0.00187063
 0.121606     0.00182161
 0.121074     0.00181381
 0.125202     0.00187531
 0.122473     0.00183687
 0.123728     0.00184496
 0.125617     0.00190502
 0.119716     0.00179835
 0.120969     0.00183108
 0.123991     0.00185605
 0.123142     0.00184332
 0.125209     0.00189604
 0.118622     0.00182593
 0.126296     0.00193223
 0.126554     0.00191178
 0.120041     0.00180967
 0.118185     0.00182543
 0.119525     0.00197278
 0.124822     0.00187669
 0.124892     0.00188333
 0.122806     0.00183605
 0.12411     0.00186862
 0.124682     0.00188086
 0.125124     0.0018728
 0.125108     0.00190717
 0.127531     0.00197285
 0.124091     0.00185872
 0.122005     0.00182571
 0.12365     0.00185102
 0.124678     0.00191493
 0.122327     0.00182612
 0.122999     0.00184216
 0.125251     0.00190178
 0.126052     0.00190426
 0.124231     0.00185713
 0.128115     0.00198044
 0.131452     0.00208062
 0.120897     0.0018173
 0.12201     0.00182775
 0.126099     0.00191524
 0.123804     0.0018659
 0.123816     0.00186532
 0.126982     0.00194293
 0.127647     0.00197872
 0.122902     0.00183776
 0.124889     0.00187891
 0.12491     0.00188903
 0.127272     0.00194779
 0.125106     0.00189229
 0.122632     0.00184013
 0.12684     0.00194496
 0.124516     0.00191106
 0.122919     0.00185168
 0.122414     0.00183507
 0.123039     0.00184555
 0.124543     0.00186593
 0.120525     0.00182226
 0.124814     0.00186931
 0.126217     0.00190732
 0.124433     0.00187436
 0.124575     0.00188752
 0.120414     0.00181624
 0.123701     0.00185244
 0.123646     0.00185618
 0.12324     0.00184916
