 -1.68099     4.39007
 -1.69543     4.92797
 -1.66121     3.91482
 -1.67511     4.6434
 -1.67676     4.24101
 -1.68755     4.53295
 -1.68361     4.84422
 -1.70842     6.64976
 -1.67805     4.18538
 -1.69677     5.42757
 -1.71492     9.1012
 -1.68327     4.53773
 -1.71417     8.54885
 -1.6782     4.20696
 -1.69468     4.92966
 -1.68684     4.76803
 -1.67488     4.1141
 -1.67342     4.57487
 -1.69344     5.47618
 -1.68735     4.19412
 -1.70926     5.68262
 -1.68542     4.73887
 -1.68766     4.60903
 -1.67044     4.1113
 -1.69498     4.72628
 -1.67715     4.22426
 -1.68148     4.44967
 -1.681     4.26775
 -1.71585     8.88797
 -1.67778     4.14669
 -1.68624     5.09762
 -1.69862     5.39693
 -1.70595     6.11946
 -1.68222     4.52402
 -1.69531     4.98514
 -1.68652     4.36881
 -1.70091     5.06586
 -1.70428     5.20803
 -1.67456     4.66261
 -1.69481     4.77567
 -1.68645     5.1815
 -1.67419     4.21295
 -1.71597     5.57685
 -1.70473     6.40735
 -1.68479     4.68626
 -1.69024     4.90494
 -1.67692     4.26371
 -1.72148     7.07821
 -1.66968     4.01396
 -1.66825     4.27922
 -1.71146     6.02711
 -1.72384     7.19149
 -1.71454     9.56868
 -1.67938     4.5478
 -1.67869     4.39826
 -1.69371     4.98703
 -1.68401     4.49187
 -1.68022     4.3958
 -1.67738     4.70053
 -1.67881     4.11558
 -1.6623     3.81903
 -1.68412     4.70955
 -1.69853     5.15453
 -1.68695     4.82925
 -1.68038     3.98067
 -1.6958     5.46464
 -1.69132     4.85592
 -1.67655     4.19583
 -1.67147     4.29681
 -1.68305     4.87933
 -1.65863     3.82156
 -1.6394     3.5217
 -1.70559     5.86433
 -1.69805     4.9814
 -1.67118     4.15445
 -1.68607     4.50481
 -1.68597     4.58814
 -1.66531     3.99381
 -1.6616     3.7902
 -1.69091     5.06187
 -1.67895     4.50588
 -1.67886     4.31061
 -1.66348     3.98569
 -1.67758     4.29882
 -1.69374     4.77608
 -1.66637     3.96174
 -1.68137     4.00202
 -1.69191     4.61923
 -1.69534     5.82506
 -1.69001     4.74784
 -1.68119     4.59444
 -1.70789     6.29922
 -1.67938     4.75214
 -1.67041     4.28255
 -1.6813     4.45988
 -1.68105     4.27164
 -1.70888     6.05366
 -1.68668     4.68873
 -1.68708     4.63916
 -1.68979     4.70425
