-1.68099
-1.69543
-1.66121
-1.67511
-1.67676
-1.68755
-1.68361
-1.70842
-1.67805
-1.69677
-1.71492
-1.68327
-1.71417
-1.6782
-1.69468
-1.68684
-1.67488
-1.67342
-1.69344
-1.68735
-1.70926
-1.68542
-1.68766
-1.67044
-1.69498
-1.67715
-1.68148
-1.681
-1.71585
-1.67778
-1.68624
-1.69862
-1.70595
-1.68222
-1.69531
-1.68652
-1.70091
-1.70428
-1.67456
-1.69481
-1.68645
-1.67419
-1.71597
-1.70473
-1.68479
-1.69024
-1.67692
-1.72148
-1.66968
-1.66825
-1.71146
-1.72384
-1.71454
-1.67938
-1.67869
-1.69371
-1.68401
-1.68022
-1.67738
-1.67881
-1.6623
-1.68412
-1.69853
-1.68695
-1.68038
-1.6958
-1.69132
-1.67655
-1.67147
-1.68305
-1.65863
-1.6394
-1.70559
-1.69805
-1.67118
-1.68607
-1.68597
-1.66531
-1.6616
-1.69091
-1.67895
-1.67886
-1.66348
-1.67758
-1.69374
-1.66637
-1.68137
-1.69191
-1.69534
-1.69001
-1.68119
-1.70789
-1.67938
-1.67041
-1.6813
-1.68105
-1.70888
-1.68668
-1.68708
-1.68979
